@relation 'tesco-21200475-weka.filters.unsupervised.attribute.Remove-R1-13,15-48,66-77'

@attribute carb numeric
@attribute f_beer numeric
@attribute f_dairy numeric
@attribute f_eggs numeric
@attribute f_fats_oils numeric
@attribute f_fish numeric
@attribute f_fruit_veg numeric
@attribute f_grains numeric
@attribute f_meat_red numeric
@attribute f_poultry numeric
@attribute f_readymade numeric
@attribute f_sauces numeric
@attribute f_soft_drinks numeric
@attribute f_spirits numeric
@attribute f_sweets numeric
@attribute f_tea_coffee numeric
@attribute f_water numeric
@attribute f_wine numeric

@data
18.191206,0.008595,0.102876,0.014369,0.036904,0.027189,0.265401,0.148969,0.061499,0.023283,0.045374,0.016715,0.035024,0.003835,0.154314,0.007515,0.038012,0.010127
17.437465,0.011484,0.116387,0.013232,0.032908,0.020759,0.309071,0.134054,0.048377,0.021194,0.05405,0.017444,0.022,0.003144,0.146294,0.005281,0.026058,0.018262
17.233031,0.016894,0.106067,0.012476,0.024744,0.020814,0.306338,0.147475,0.044516,0.020605,0.060607,0.01332,0.02742,0.003179,0.143643,0.005836,0.029615,0.016451
16.170807,0.020263,0.103389,0.013908,0.028992,0.023855,0.318388,0.12944,0.053891,0.023878,0.056363,0.016681,0.023298,0.003486,0.133028,0.004865,0.02449,0.021788
19.474232,0.009091,0.124826,0.014249,0.0347,0.012636,0.25242,0.178049,0.039457,0.019207,0.044111,0.010005,0.035207,0.003747,0.172664,0.005205,0.035409,0.009017
20.50943,0.007403,0.113029,0.014657,0.04193,0.022716,0.247157,0.159861,0.039442,0.015232,0.043118,0.01401,0.03284,0.002571,0.190444,0.005978,0.043841,0.005772
17.812836,0.012204,0.109143,0.014636,0.036125,0.02623,0.26891,0.145362,0.05273,0.02114,0.044581,0.016233,0.034678,0.006189,0.150853,0.00644,0.04121,0.013336
18.883351,0.017701,0.09814,0.010625,0.022203,0.01547,0.249137,0.165055,0.038741,0.014859,0.074545,0.011426,0.039123,0.007897,0.182413,0.004444,0.034831,0.013391
18.272688,0.016543,0.102228,0.009265,0.026894,0.019592,0.263786,0.152479,0.048633,0.021309,0.059945,0.0145,0.035577,0.004142,0.164599,0.005526,0.030574,0.024408
16.35364,0.014489,0.130916,0.016441,0.028259,0.024392,0.318497,0.124267,0.038104,0.018504,0.043436,0.011209,0.021131,0.00235,0.153732,0.006214,0.027569,0.020489
18.367211,0.009718,0.120318,0.011801,0.032019,0.016832,0.30813,0.148578,0.040114,0.018686,0.047997,0.017713,0.021165,0.002069,0.158513,0.004883,0.027491,0.013972
20.923943,0.011744,0.0949,0.010375,0.029435,0.02149,0.239994,0.185297,0.042333,0.018845,0.062482,0.012166,0.032137,0.00302,0.182934,0.006144,0.040119,0.006585
18.417376,0.015167,0.092582,0.008549,0.021508,0.016794,0.252072,0.154269,0.043702,0.01759,0.073358,0.009844,0.054446,0.005836,0.185913,0.006126,0.028791,0.013451
17.485833,0.010631,0.118201,0.006245,0.024514,0.015998,0.331055,0.143556,0.03256,0.013482,0.051047,0.009735,0.030379,0.002436,0.161144,0.005675,0.031484,0.011856
16.258266,0.015305,0.129259,0.012178,0.024997,0.022398,0.326253,0.131352,0.036552,0.0174,0.054295,0.01168,0.024636,0.00279,0.141542,0.005296,0.025861,0.018205
20.037744,0.016349,0.094346,0.007527,0.017565,0.01494,0.251278,0.172172,0.036636,0.019971,0.094411,0.012525,0.030827,0.002795,0.187322,0.005906,0.023349,0.01208
17.458121,0.014207,0.104796,0.013969,0.040435,0.026778,0.295878,0.13803,0.057869,0.020197,0.051917,0.017732,0.022512,0.002978,0.141863,0.005056,0.029155,0.016627
16.483877,0.011779,0.113924,0.014742,0.034327,0.028928,0.323263,0.131385,0.054945,0.021154,0.04853,0.015245,0.019867,0.002965,0.13094,0.005744,0.02521,0.017052
15.33056,0.012306,0.108124,0.015355,0.033389,0.030693,0.347282,0.11915,0.054727,0.021992,0.047047,0.015399,0.018019,0.002684,0.124915,0.005984,0.023527,0.019406
19.381951,0.010727,0.101748,0.012308,0.032802,0.018363,0.25495,0.149915,0.043116,0.018481,0.0587,0.012437,0.043738,0.004656,0.181254,0.005945,0.042942,0.007917
16.748151,0.013522,0.109515,0.014339,0.032423,0.028809,0.297921,0.135284,0.058901,0.023994,0.051163,0.0154,0.024545,0.003244,0.137349,0.005445,0.029523,0.018622
19.520557,0.012077,0.102318,0.009524,0.024913,0.018226,0.243249,0.174984,0.042867,0.017976,0.065417,0.012227,0.039114,0.005256,0.180718,0.006769,0.032965,0.011401
17.492386,0.016572,0.105445,0.015335,0.026663,0.02574,0.289635,0.144367,0.040598,0.018714,0.057597,0.011942,0.029545,0.003675,0.15724,0.006237,0.02976,0.020934
18.801572,0.016086,0.09783,0.008837,0.020292,0.018999,0.274195,0.162122,0.042059,0.017733,0.076534,0.012235,0.027738,0.002939,0.168906,0.005832,0.027311,0.020351
17.491387,0.015021,0.111526,0.013148,0.028598,0.02021,0.287799,0.143576,0.046517,0.021934,0.052156,0.013143,0.033136,0.003384,0.160332,0.005161,0.032441,0.011918
17.988039,0.012077,0.116916,0.015411,0.033162,0.020551,0.307262,0.144228,0.046608,0.019864,0.048721,0.014783,0.023123,0.003124,0.149398,0.005439,0.028859,0.010474
16.21139,0.012737,0.110214,0.014399,0.029598,0.026337,0.311932,0.134171,0.05132,0.019479,0.052935,0.015022,0.022901,0.002732,0.135895,0.005259,0.027014,0.028054
16.295168,0.009233,0.117982,0.013177,0.026288,0.025952,0.322139,0.127105,0.042915,0.019561,0.051363,0.012088,0.021555,0.003102,0.146891,0.006312,0.0292,0.025139
20.482891,0.017639,0.095211,0.007319,0.019528,0.014266,0.238482,0.173659,0.036897,0.016155,0.086307,0.011197,0.024519,0.002631,0.208499,0.006273,0.026105,0.015312
14.747339,0.019456,0.123852,0.010462,0.028803,0.026885,0.313025,0.11054,0.046108,0.018194,0.049397,0.01277,0.042895,0.004085,0.132142,0.006025,0.023872,0.03149
18.941404,0.010089,0.100118,0.009622,0.024898,0.018536,0.268307,0.154409,0.050658,0.020793,0.073955,0.01804,0.023055,0.002262,0.172082,0.004572,0.032364,0.016238
18.783683,0.013466,0.128095,0.011085,0.029534,0.012391,0.249076,0.155232,0.040537,0.019154,0.053265,0.012584,0.037243,0.00366,0.179918,0.005437,0.034829,0.014494
16.785916,0.018636,0.114303,0.008748,0.022527,0.019789,0.281203,0.143976,0.043281,0.016971,0.066397,0.012303,0.030266,0.002911,0.154578,0.005128,0.027392,0.031591
14.835418,0.010022,0.13345,0.014246,0.026202,0.027108,0.381579,0.111604,0.037076,0.019667,0.041104,0.010587,0.01578,0.001554,0.129134,0.004764,0.020331,0.015793
16.963005,0.013871,0.109797,0.012499,0.032324,0.02497,0.29617,0.14051,0.053728,0.02361,0.049792,0.015726,0.023863,0.002559,0.143849,0.005649,0.02878,0.022304
18.276325,0.011128,0.109847,0.009869,0.030297,0.020454,0.280698,0.148202,0.055248,0.019204,0.064838,0.015519,0.023241,0.002727,0.160793,0.007584,0.024644,0.015706
16.989337,0.019485,0.101687,0.012027,0.028367,0.022032,0.286449,0.143025,0.048359,0.02024,0.06226,0.014588,0.027113,0.004897,0.149409,0.004937,0.022351,0.032774
19.682979,0.014408,0.106984,0.00998,0.027675,0.017149,0.249125,0.167653,0.040615,0.014908,0.064433,0.012557,0.037874,0.006099,0.18381,0.006232,0.031221,0.009277
18.457302,0.008858,0.111242,0.011059,0.028172,0.023922,0.284045,0.144641,0.050019,0.022177,0.054968,0.012376,0.023142,0.002217,0.166693,0.006077,0.037079,0.013314
17.106481,0.013401,0.118958,0.012305,0.02854,0.020028,0.282869,0.144686,0.042838,0.019309,0.053764,0.0125,0.032294,0.004066,0.151863,0.005733,0.03555,0.021295
20.732937,0.010575,0.078827,0.005402,0.018264,0.017747,0.236899,0.180584,0.046944,0.021368,0.099339,0.014116,0.035932,0.002059,0.191984,0.006307,0.021806,0.011848
20.028535,0.013543,0.093304,0.008277,0.019299,0.016454,0.262834,0.173256,0.037828,0.018462,0.087571,0.011713,0.027788,0.002833,0.176814,0.00724,0.028703,0.014078
18.511874,0.010721,0.100043,0.011566,0.033696,0.02294,0.266415,0.144926,0.067916,0.025593,0.060686,0.020726,0.027019,0.003293,0.154596,0.005896,0.028337,0.015632
18.842599,0.01245,0.103977,0.0127,0.032146,0.028107,0.283645,0.14238,0.045788,0.01632,0.050503,0.014814,0.02607,0.002682,0.180006,0.005518,0.031274,0.011619
18.478033,0.017106,0.103864,0.008878,0.02398,0.015199,0.237404,0.164669,0.045436,0.016254,0.069148,0.012505,0.056772,0.00594,0.16957,0.006046,0.032119,0.01511
18.311554,0.013369,0.096151,0.010711,0.032526,0.022731,0.279165,0.14947,0.053648,0.021995,0.052434,0.019357,0.035201,0.004325,0.14974,0.00686,0.037871,0.014448
16.123012,0.015295,0.100338,0.011963,0.037869,0.027319,0.328501,0.124321,0.058705,0.019546,0.050837,0.017359,0.017186,0.003203,0.127528,0.004782,0.023528,0.03172
14.615539,0.013699,0.129767,0.010604,0.026632,0.025351,0.376811,0.107471,0.034804,0.01576,0.046412,0.010756,0.01752,0.001684,0.12615,0.004552,0.02153,0.030498
17.289971,0.018137,0.103165,0.010427,0.028128,0.01883,0.300823,0.14299,0.052482,0.021529,0.05787,0.015814,0.022784,0.002917,0.149588,0.00566,0.027217,0.021638
18.11113,0.010495,0.100881,0.008247,0.027049,0.021266,0.282164,0.137914,0.052014,0.022001,0.078072,0.018292,0.027836,0.002371,0.167283,0.004415,0.019743,0.019957
16.34125,0.017916,0.111894,0.011592,0.023178,0.022349,0.298739,0.13898,0.044989,0.019647,0.062546,0.01259,0.030128,0.003633,0.148882,0.005412,0.028435,0.01909
18.165694,0.011265,0.130415,0.012297,0.031632,0.013978,0.279706,0.149795,0.040117,0.019341,0.050766,0.013315,0.029128,0.002615,0.165698,0.005028,0.029866,0.015039
17.804125,0.011772,0.10549,0.019611,0.028287,0.025476,0.288596,0.15089,0.042316,0.020805,0.055147,0.013983,0.027492,0.002423,0.153407,0.005269,0.032097,0.016938
15.668116,0.018124,0.120601,0.010642,0.026759,0.023746,0.342677,0.121073,0.044856,0.019462,0.057094,0.01214,0.01432,0.001821,0.137577,0.005535,0.016952,0.026622
19.180893,0.012013,0.124349,0.012084,0.032774,0.015501,0.276239,0.169742,0.037153,0.021311,0.040716,0.011199,0.033559,0.004856,0.156009,0.005341,0.039187,0.007967
18.390479,0.01165,0.123578,0.013595,0.031092,0.015598,0.280712,0.155344,0.04027,0.021408,0.044319,0.011473,0.032112,0.003719,0.162069,0.005583,0.036655,0.010822
20.121087,0.010564,0.101927,0.007774,0.017643,0.013789,0.263428,0.181347,0.036393,0.014288,0.089735,0.010151,0.024798,0.001922,0.183964,0.005429,0.023343,0.013506
18.448633,0.012037,0.103753,0.011356,0.033802,0.019507,0.269334,0.151659,0.05156,0.021706,0.055323,0.01482,0.033508,0.004633,0.160823,0.006739,0.036553,0.012887
21.097785,0.010257,0.09893,0.013175,0.032487,0.021911,0.24973,0.169667,0.054376,0.021115,0.051876,0.014507,0.034609,0.003829,0.169504,0.00645,0.039033,0.008542
19.392183,0.014941,0.095756,0.009426,0.02453,0.016272,0.240014,0.171749,0.042486,0.019966,0.089766,0.011423,0.03636,0.00307,0.179599,0.005691,0.029637,0.009317
18.311675,0.015328,0.105419,0.011038,0.03032,0.021102,0.267803,0.153916,0.049389,0.020177,0.056597,0.013265,0.033347,0.003305,0.163144,0.005589,0.033961,0.0163
20.953518,0.010482,0.085168,0.00944,0.021579,0.015603,0.242608,0.182047,0.040344,0.016912,0.086548,0.011302,0.036889,0.00252,0.18878,0.006626,0.034475,0.008674
18.030466,0.011968,0.091111,0.007529,0.0202,0.017194,0.278193,0.14671,0.03155,0.01475,0.071473,0.011856,0.047339,0.003062,0.197309,0.006546,0.032365,0.010845
18.499136,0.018612,0.101842,0.010891,0.028681,0.016948,0.254393,0.153107,0.057673,0.021621,0.060146,0.01667,0.037296,0.003281,0.165584,0.005686,0.030409,0.01716
17.067062,0.013177,0.111394,0.013603,0.03513,0.024145,0.302205,0.138304,0.050759,0.019117,0.045152,0.014523,0.027212,0.002656,0.148438,0.00571,0.031214,0.01726
15.706587,0.016754,0.118949,0.012887,0.021493,0.021891,0.309966,0.127133,0.0444,0.022859,0.058317,0.012193,0.0306,0.001987,0.149493,0.00446,0.027829,0.018788
20.066995,0.010948,0.11052,0.012842,0.035168,0.017075,0.23131,0.16371,0.03475,0.016344,0.057026,0.011018,0.044708,0.006372,0.192342,0.00625,0.04164,0.007977
17.007957,0.017557,0.104972,0.012326,0.024797,0.022086,0.286754,0.142881,0.048879,0.022788,0.058136,0.015508,0.032523,0.003047,0.154464,0.004909,0.029737,0.018636
17.92479,0.012466,0.106738,0.011347,0.032847,0.023212,0.27688,0.137746,0.059647,0.023167,0.061254,0.018837,0.023728,0.002795,0.15773,0.006096,0.023096,0.022415
18.824024,0.012223,0.105178,0.013412,0.033225,0.020292,0.257683,0.155389,0.062605,0.024996,0.062342,0.016379,0.031339,0.00357,0.149822,0.006037,0.034948,0.010559
20.65841,0.011262,0.086413,0.007293,0.025001,0.01442,0.221091,0.169737,0.047167,0.019933,0.088524,0.014463,0.035826,0.003411,0.201464,0.008383,0.031142,0.014472
18.226,0.013653,0.104991,0.009912,0.021884,0.019582,0.291983,0.157104,0.041201,0.017379,0.072483,0.010382,0.027147,0.003309,0.169568,0.005225,0.022104,0.012093
17.566269,0.015756,0.105669,0.011809,0.028366,0.022339,0.28255,0.146194,0.050636,0.020212,0.064834,0.015631,0.030099,0.002757,0.14926,0.005107,0.028114,0.020667
18.316292,0.011814,0.115895,0.014286,0.036294,0.022421,0.262558,0.14604,0.046777,0.01556,0.049401,0.013274,0.036195,0.003868,0.167356,0.004806,0.039972,0.013483
18.701883,0.011355,0.098843,0.010035,0.031427,0.021686,0.252249,0.149509,0.052529,0.025209,0.057567,0.018021,0.042429,0.004513,0.166602,0.006728,0.038983,0.012315
19.00915,0.014139,0.095248,0.009991,0.027038,0.019045,0.252496,0.153348,0.053519,0.022022,0.072771,0.014312,0.0429,0.003128,0.168011,0.007015,0.032909,0.012107
14.951346,0.019555,0.144302,0.01194,0.02404,0.020836,0.337584,0.10603,0.04224,0.011287,0.066157,0.00706,0.016425,0.002723,0.132276,0.005114,0.017645,0.034785
17.419195,0.01422,0.104879,0.013281,0.031665,0.026122,0.2882,0.144796,0.053234,0.022689,0.048892,0.015613,0.031638,0.003868,0.144582,0.006835,0.033834,0.015654
15.462895,0.013005,0.113218,0.016096,0.03328,0.032649,0.3333,0.121953,0.054819,0.021468,0.050086,0.013711,0.018586,0.00336,0.120512,0.00587,0.025468,0.022618
19.188069,0.020408,0.098183,0.010495,0.028398,0.019616,0.233209,0.156284,0.048643,0.018404,0.071194,0.01159,0.043902,0.005987,0.181479,0.006849,0.035888,0.00947
16.658608,0.013567,0.107581,0.013988,0.032812,0.027616,0.318385,0.131274,0.054513,0.01982,0.051137,0.015633,0.021746,0.002697,0.138099,0.005005,0.026369,0.019759
17.042346,0.01667,0.101531,0.012888,0.032074,0.023181,0.287142,0.145865,0.046666,0.021369,0.053142,0.013808,0.038924,0.003953,0.141788,0.007034,0.036174,0.01779
19.304378,0.009025,0.109951,0.014332,0.034111,0.022722,0.261739,0.154146,0.055124,0.024107,0.050284,0.015116,0.029047,0.003387,0.165217,0.006012,0.036658,0.009022
20.337159,0.012689,0.098467,0.010841,0.031927,0.02017,0.242797,0.160938,0.038797,0.013938,0.057555,0.013574,0.035746,0.002594,0.202137,0.006401,0.039539,0.01189
20.184752,0.011673,0.125573,0.016243,0.039801,0.018557,0.235215,0.163213,0.035096,0.013342,0.043804,0.012119,0.034592,0.002647,0.190677,0.005661,0.044251,0.007536
19.44321,0.009624,0.092678,0.010593,0.033789,0.023232,0.246933,0.15466,0.058107,0.022804,0.049762,0.018493,0.040396,0.005209,0.172348,0.007144,0.044132,0.010093
18.918806,0.016169,0.102969,0.006146,0.014876,0.017083,0.24833,0.166005,0.037916,0.015255,0.093923,0.008573,0.039807,0.007249,0.175712,0.006524,0.027704,0.015759
18.814664,0.005085,0.096342,0.004411,0.041202,0.037158,0.325175,0.144039,0.029408,0.009925,0.075512,0.011426,0.019728,0.001103,0.163828,0.004411,0.021229,0.010017
16.010751,0.012072,0.113559,0.013321,0.02833,0.027761,0.321456,0.126821,0.046831,0.020522,0.054686,0.01182,0.022438,0.002844,0.139455,0.00565,0.029032,0.023403
19.563982,0.011067,0.094716,0.010016,0.031991,0.01809,0.247091,0.15858,0.057695,0.021463,0.066741,0.015229,0.038159,0.00503,0.174335,0.006381,0.035152,0.008264
18.569786,0.01254,0.104132,0.010896,0.028002,0.018521,0.277941,0.158269,0.042435,0.017935,0.061362,0.012081,0.031539,0.003534,0.170595,0.006633,0.031632,0.011954
19.58434,0.035398,0.081787,0.007156,0.018466,0.017444,0.218971,0.176256,0.030095,0.016996,0.099677,0.00738,0.045046,0.005367,0.192422,0.00476,0.030957,0.011821
19.471445,0.013617,0.09654,0.009073,0.02417,0.017822,0.249771,0.164186,0.049942,0.021484,0.074687,0.015946,0.0337,0.00316,0.170629,0.006158,0.034421,0.014695
18.893397,0.011514,0.096982,0.010641,0.029895,0.016013,0.275911,0.16441,0.040581,0.019225,0.069943,0.010685,0.035371,0.003596,0.172076,0.00592,0.027009,0.010227
17.808745,0.012068,0.121668,0.012695,0.032307,0.018377,0.308216,0.142575,0.044898,0.018701,0.049826,0.015859,0.02395,0.002861,0.148055,0.004988,0.027693,0.015264
18.220373,0.007846,0.105017,0.010257,0.02127,0.024257,0.324768,0.142446,0.029259,0.024545,0.069279,0.010833,0.018247,0.002195,0.166595,0.006298,0.024545,0.012344
16.312689,0.012748,0.113954,0.014547,0.032847,0.026709,0.320368,0.131699,0.052163,0.021069,0.047097,0.01545,0.022489,0.00223,0.135308,0.005535,0.029377,0.016409
16.822266,0.025968,0.121744,0.010283,0.025388,0.016968,0.274161,0.143605,0.044759,0.015943,0.066989,0.014871,0.029671,0.003176,0.148081,0.005648,0.026976,0.025769
18.008158,0.016968,0.110285,0.009615,0.030587,0.018581,0.278291,0.14037,0.052454,0.022167,0.059355,0.020709,0.022708,0.003176,0.163411,0.005317,0.022059,0.023948
19.398289,0.015094,0.114094,0.008757,0.026529,0.014374,0.238524,0.157481,0.05186,0.02164,0.065229,0.013982,0.028604,0.002503,0.188477,0.004818,0.028661,0.019371
17.104557,0.013459,0.10765,0.015121,0.03349,0.027298,0.300425,0.144474,0.049582,0.021991,0.048306,0.014389,0.02402,0.002882,0.138601,0.00632,0.034368,0.017624
18.100188,0.014269,0.09798,0.011474,0.032164,0.024092,0.270839,0.143009,0.065817,0.026237,0.057499,0.020771,0.025316,0.003197,0.158061,0.004783,0.022745,0.021747
18.218863,0.011974,0.104214,0.013856,0.036973,0.025822,0.265815,0.149847,0.053594,0.021343,0.046174,0.016067,0.034936,0.004181,0.14818,0.006823,0.048257,0.011945
20.35182,0.009214,0.108629,0.008604,0.022009,0.014848,0.217577,0.168022,0.03837,0.015875,0.079182,0.012031,0.042824,0.00605,0.207321,0.005898,0.036219,0.007327
19.077471,0.024354,0.096229,0.009623,0.024377,0.014738,0.234445,0.164802,0.041121,0.015511,0.0655,0.013607,0.044376,0.003522,0.183992,0.005857,0.030864,0.027083
19.8464,0.008643,0.108931,0.014149,0.032484,0.021697,0.2444,0.167908,0.052075,0.022894,0.048886,0.014753,0.035533,0.00332,0.167154,0.005954,0.043328,0.007891
15.709293,0.00949,0.111152,0.017544,0.029923,0.027933,0.360895,0.119146,0.047017,0.020256,0.040928,0.01099,0.019423,0.004484,0.133268,0.006455,0.02524,0.015857
17.845624,0.012749,0.095617,0.010374,0.029262,0.024423,0.301354,0.146067,0.039094,0.015575,0.047089,0.012163,0.03918,0.004367,0.147154,0.010895,0.054067,0.01057
18.566241,0.007925,0.098592,0.010745,0.021987,0.01726,0.298318,0.163678,0.030507,0.01432,0.072136,0.009593,0.030825,0.004211,0.171622,0.005422,0.035592,0.007269
20.322764,0.009826,0.082473,0.006409,0.016094,0.017931,0.236912,0.174039,0.046316,0.020705,0.099337,0.01382,0.02976,0.005163,0.196324,0.006987,0.024121,0.013782
18.598837,0.021932,0.103279,0.013391,0.028817,0.017766,0.242999,0.157449,0.051767,0.019771,0.057605,0.0162,0.037803,0.004677,0.168308,0.00557,0.033224,0.01944
18.043766,0.010183,0.109026,0.015959,0.035524,0.026435,0.277676,0.145684,0.055711,0.022833,0.045172,0.016725,0.030844,0.003795,0.150065,0.006951,0.037415,0.010002
17.834301,0.017128,0.101753,0.010977,0.030537,0.021579,0.273701,0.146481,0.055701,0.022718,0.053527,0.017679,0.036628,0.003518,0.148745,0.006275,0.037221,0.015833
20.470012,0.014101,0.096448,0.007415,0.020477,0.011521,0.234484,0.178276,0.040111,0.015382,0.09455,0.010661,0.032241,0.003667,0.19387,0.00516,0.025605,0.016031
16.802619,0.017354,0.106337,0.010488,0.027638,0.02404,0.306713,0.145674,0.044647,0.018482,0.062638,0.013892,0.025499,0.003627,0.1382,0.005378,0.029807,0.019586
17.185015,0.012922,0.106556,0.013431,0.034741,0.024404,0.304232,0.133238,0.059498,0.022877,0.051873,0.017326,0.021713,0.003025,0.14421,0.005197,0.026402,0.018355
17.124109,0.015591,0.116247,0.008713,0.024858,0.018008,0.276516,0.142662,0.054617,0.014837,0.064916,0.011617,0.0385,0.003353,0.157288,0.005331,0.032262,0.014684
19.419874,0.019332,0.141185,0.009665,0.034609,0.009628,0.236142,0.174519,0.031448,0.014798,0.052197,0.012923,0.03643,0.003313,0.174692,0.005094,0.037718,0.006306
17.21219,0.013867,0.111988,0.01061,0.028802,0.024255,0.315738,0.138741,0.050441,0.018823,0.057484,0.015999,0.017422,0.002091,0.146452,0.005959,0.02029,0.021038
17.332549,0.010006,0.098376,0.010756,0.037237,0.029058,0.293371,0.129754,0.046352,0.019474,0.067701,0.013615,0.019685,0.001429,0.173857,0.010334,0.02477,0.014224
16.060957,0.008986,0.109763,0.014837,0.033901,0.028868,0.365855,0.120567,0.045738,0.019672,0.043494,0.013309,0.017878,0.003018,0.12752,0.006483,0.02472,0.015391
17.700409,0.015892,0.103051,0.010885,0.03117,0.0253,0.282989,0.138592,0.055894,0.020416,0.057408,0.017819,0.02179,0.002991,0.159298,0.006218,0.023376,0.026912
17.137778,0.014054,0.114994,0.009593,0.029662,0.023445,0.293951,0.141507,0.046666,0.0214,0.05534,0.013298,0.023975,0.002651,0.148962,0.005743,0.029894,0.024866
17.90888,0.010649,0.107592,0.014507,0.0364,0.026241,0.287859,0.140822,0.05664,0.021039,0.05096,0.014526,0.027895,0.003129,0.150667,0.005333,0.034253,0.011488
17.137191,0.012676,0.102993,0.014646,0.034883,0.031069,0.306027,0.138263,0.054901,0.021765,0.050408,0.017506,0.025701,0.002988,0.132985,0.006106,0.029638,0.017444
16.746578,0.01996,0.101934,0.012,0.02554,0.021631,0.280476,0.137485,0.048196,0.018219,0.058399,0.013824,0.04986,0.007787,0.152014,0.005316,0.025052,0.022307
18.428714,0.008903,0.107489,0.012384,0.038208,0.026743,0.276767,0.148792,0.055693,0.021022,0.045668,0.016014,0.031425,0.003099,0.150882,0.006883,0.041618,0.00841
19.160821,0.012915,0.119833,0.008568,0.029237,0.01396,0.221839,0.167816,0.029801,0.012978,0.077011,0.008798,0.050533,0.007043,0.19791,0.005496,0.028715,0.007544
17.967635,0.009739,0.119456,0.014127,0.033762,0.018204,0.311075,0.146721,0.039334,0.020622,0.046873,0.013497,0.024879,0.003169,0.151519,0.005271,0.032141,0.009611
19.887674,0.01268,0.104919,0.013958,0.0324,0.025044,0.255734,0.153382,0.044901,0.01759,0.048742,0.016255,0.034959,0.002409,0.187778,0.0054,0.035163,0.008685
18.087224,0.012879,0.104264,0.012793,0.033154,0.021387,0.264033,0.152564,0.044806,0.018756,0.051896,0.015724,0.042596,0.003789,0.15853,0.006628,0.041455,0.014746
19.877242,0.00913,0.110142,0.015363,0.032028,0.019319,0.248435,0.170816,0.052617,0.023138,0.044959,0.014093,0.031665,0.004142,0.174025,0.00626,0.034591,0.009277
18.608156,0.011912,0.107361,0.013316,0.035397,0.022181,0.269512,0.154948,0.051604,0.020377,0.047396,0.015661,0.030882,0.003308,0.16134,0.006344,0.034831,0.013631
19.330965,0.010717,0.086902,0.00649,0.022635,0.015226,0.26316,0.163105,0.045851,0.019271,0.080975,0.012544,0.035079,0.003663,0.181631,0.006654,0.033079,0.013017
17.751958,0.019779,0.104759,0.010737,0.025816,0.019545,0.255335,0.15187,0.044491,0.021496,0.057346,0.014171,0.040829,0.005853,0.164619,0.005786,0.037573,0.019996
19.856176,0.009513,0.100402,0.008826,0.022679,0.015174,0.24318,0.167592,0.04236,0.017705,0.067148,0.011992,0.041541,0.004128,0.194266,0.008171,0.035691,0.009635
16.342471,0.014835,0.11402,0.016787,0.033628,0.028348,0.307743,0.139802,0.046707,0.020488,0.049482,0.01571,0.022045,0.004465,0.121446,0.0061,0.031316,0.027076
20.990314,0.008928,0.084436,0.006965,0.020484,0.014247,0.219971,0.180808,0.037865,0.017698,0.094409,0.011239,0.044387,0.005034,0.196828,0.007725,0.036725,0.012252
19.206593,0.008029,0.113042,0.010441,0.026539,0.018178,0.271885,0.169955,0.042386,0.015742,0.069645,0.012205,0.029889,0.004006,0.161409,0.006572,0.030521,0.009558
20.533594,0.018448,0.090472,0.008896,0.018998,0.012986,0.217948,0.184347,0.036988,0.015763,0.096026,0.009308,0.037385,0.00325,0.202033,0.004364,0.025483,0.017304
18.662289,0.012557,0.103169,0.009649,0.029404,0.019143,0.268879,0.156753,0.045531,0.019429,0.063098,0.012896,0.033602,0.005196,0.167015,0.008272,0.032846,0.012561
16.599509,0.015792,0.11027,0.01366,0.025104,0.020384,0.328433,0.133718,0.04203,0.020234,0.060899,0.012945,0.017641,0.002814,0.146376,0.005727,0.018093,0.025881
19.032075,0.013806,0.097303,0.011522,0.0329,0.022442,0.257332,0.152209,0.063045,0.025027,0.057679,0.021504,0.028003,0.003277,0.16282,0.00638,0.027762,0.016989
18.71507,0.00974,0.108875,0.011898,0.033241,0.018761,0.294037,0.149634,0.048368,0.020423,0.051836,0.017699,0.02588,0.003276,0.157053,0.00544,0.033423,0.010418
20.18251,0.012194,0.09196,0.009291,0.032253,0.020955,0.234505,0.162269,0.054699,0.020152,0.055052,0.017588,0.042133,0.00627,0.181472,0.008783,0.041435,0.008987
17.386022,0.018672,0.101998,0.011852,0.023118,0.020907,0.297454,0.14256,0.050529,0.021256,0.066744,0.013966,0.024145,0.002472,0.154129,0.005856,0.025476,0.018866
18.031996,0.01181,0.11396,0.010528,0.030256,0.020081,0.288566,0.151727,0.048725,0.018677,0.06472,0.016907,0.024399,0.002811,0.150317,0.007376,0.023589,0.015552
17.350214,0.010976,0.10745,0.012504,0.034606,0.023841,0.307393,0.13589,0.056939,0.021584,0.05264,0.017566,0.023853,0.002733,0.143217,0.005601,0.02844,0.014765
18.522371,0.009739,0.107771,0.01154,0.030815,0.022232,0.280919,0.158431,0.053771,0.023381,0.052237,0.014605,0.027846,0.002715,0.156743,0.006329,0.029172,0.011754
17.040196,0.019797,0.102926,0.010574,0.027718,0.024763,0.278133,0.142281,0.048897,0.021265,0.068963,0.015389,0.02941,0.002821,0.14585,0.005294,0.025774,0.030143
16.958962,0.011487,0.118961,0.013435,0.030698,0.025011,0.321938,0.135687,0.049299,0.019801,0.048966,0.013932,0.017202,0.002466,0.146702,0.005984,0.022599,0.015833
17.62712,0.014805,0.104007,0.013481,0.033964,0.028493,0.280245,0.145424,0.054052,0.024085,0.047395,0.017913,0.032059,0.003165,0.141482,0.00655,0.03489,0.01799
16.1886,0.010262,0.101457,0.013656,0.031005,0.025628,0.375552,0.125609,0.042001,0.018046,0.037964,0.010726,0.025321,0.003541,0.128967,0.006797,0.032827,0.010642
15.990157,0.013895,0.117866,0.014864,0.033668,0.0259,0.332113,0.129571,0.055997,0.020892,0.047038,0.016329,0.018525,0.003528,0.124099,0.00595,0.020743,0.019023
18.346126,0.01223,0.101716,0.013513,0.03661,0.026114,0.269564,0.147628,0.055203,0.021875,0.049384,0.017451,0.030929,0.003629,0.157692,0.006396,0.035737,0.014331
17.657324,0.032593,0.110131,0.010562,0.025197,0.015292,0.237521,0.154758,0.045598,0.018071,0.065187,0.014101,0.038251,0.003615,0.166956,0.005131,0.031012,0.026025
17.581199,0.016204,0.106178,0.011177,0.033114,0.023796,0.301481,0.141443,0.052334,0.019359,0.055442,0.016048,0.020634,0.00255,0.145902,0.005788,0.025408,0.02314
18.542245,0.018566,0.112197,0.012849,0.029438,0.019378,0.245065,0.154792,0.054612,0.020907,0.056824,0.011418,0.03683,0.00487,0.16025,0.00575,0.041939,0.014315
16.448843,0.019171,0.100575,0.011854,0.022643,0.023102,0.309818,0.139563,0.046946,0.025571,0.068139,0.012788,0.024365,0.002277,0.140849,0.005069,0.02603,0.021239
16.798032,0.016895,0.103462,0.011351,0.027249,0.027985,0.309309,0.130472,0.04941,0.021777,0.064355,0.015785,0.023192,0.002522,0.146404,0.005534,0.022456,0.021843
20.144229,0.008858,0.122254,0.01337,0.040544,0.017323,0.229033,0.164094,0.033789,0.014059,0.049589,0.010493,0.044012,0.004023,0.192235,0.005285,0.046011,0.005027
17.682068,0.012479,0.099773,0.009786,0.026114,0.023871,0.303099,0.142972,0.047678,0.018155,0.076084,0.014218,0.022934,0.002023,0.149396,0.006944,0.023918,0.020556
19.662048,0.010115,0.097101,0.011551,0.03083,0.01854,0.238032,0.160413,0.053081,0.018831,0.066641,0.01578,0.036828,0.003657,0.179634,0.006076,0.043609,0.009281
20.586839,0.010467,0.094818,0.008476,0.0223,0.01675,0.237838,0.172776,0.047932,0.018066,0.07951,0.010846,0.035989,0.003779,0.188152,0.006461,0.032345,0.013495
17.809638,0.015568,0.10035,0.013351,0.025689,0.020113,0.312607,0.147816,0.043918,0.018324,0.063736,0.015684,0.019086,0.001917,0.152236,0.006577,0.022522,0.020506
17.257343,0.020054,0.104292,0.011342,0.026527,0.021238,0.274335,0.143113,0.049536,0.021012,0.061985,0.015489,0.034617,0.003263,0.156098,0.005427,0.028323,0.02335
17.033736,0.025885,0.113721,0.011743,0.021751,0.015726,0.261243,0.150335,0.043942,0.019794,0.06707,0.011696,0.035486,0.002975,0.165095,0.004319,0.027914,0.021305
18.737663,0.025708,0.103602,0.010093,0.026927,0.018006,0.24943,0.155636,0.052728,0.020903,0.070669,0.014262,0.030938,0.004239,0.160644,0.006472,0.028029,0.021714
17.897539,0.013302,0.105268,0.013643,0.03311,0.025033,0.264297,0.146771,0.060597,0.0239,0.048881,0.016328,0.033194,0.004167,0.15425,0.00718,0.038665,0.011414
15.703413,0.021293,0.111194,0.011215,0.025955,0.02537,0.312681,0.128198,0.047004,0.022073,0.052954,0.014409,0.02024,0.002479,0.142229,0.005292,0.02388,0.03353
17.59381,0.013316,0.105247,0.013559,0.037869,0.025372,0.285893,0.142263,0.052908,0.021465,0.045834,0.017035,0.028493,0.003977,0.147134,0.006893,0.039615,0.013128
17.772719,0.018976,0.103116,0.011964,0.029988,0.018833,0.254173,0.14323,0.050409,0.020788,0.060003,0.014109,0.036777,0.003981,0.171811,0.007237,0.036182,0.018423
16.737253,0.01456,0.10611,0.013595,0.031806,0.029427,0.299972,0.135418,0.058053,0.025181,0.051257,0.017237,0.02455,0.003341,0.134087,0.006234,0.029814,0.019358
19.73786,0.011768,0.102034,0.010006,0.030571,0.020571,0.275316,0.153706,0.036796,0.014816,0.052806,0.012314,0.031164,0.002193,0.192389,0.005535,0.036566,0.01145
15.06696,0.014119,0.115909,0.013293,0.030244,0.030676,0.343739,0.114867,0.049459,0.019832,0.048633,0.013124,0.017393,0.002889,0.125859,0.005755,0.020623,0.033585
19.581403,0.009658,0.090572,0.008406,0.024173,0.019982,0.240446,0.157637,0.047405,0.019855,0.086334,0.010083,0.037448,0.002538,0.189401,0.006638,0.039688,0.009738
16.708459,0.016705,0.101988,0.014046,0.028347,0.025969,0.297603,0.136335,0.048944,0.021349,0.056948,0.015457,0.027368,0.003811,0.148012,0.00563,0.025118,0.02637
19.183927,0.009077,0.121457,0.014297,0.035306,0.023703,0.252768,0.160169,0.05135,0.020749,0.045134,0.015538,0.028998,0.003337,0.159067,0.006856,0.042495,0.009698
18.747842,0.008791,0.111701,0.012605,0.035641,0.021013,0.272626,0.153179,0.052205,0.021445,0.046206,0.016943,0.02984,0.003554,0.160837,0.006252,0.03435,0.012813
15.498573,0.024973,0.118535,0.009815,0.018293,0.017522,0.313232,0.11985,0.046318,0.01447,0.071826,0.007451,0.021777,0.003648,0.1373,0.004347,0.024223,0.046421
18.397608,0.014767,0.098837,0.012617,0.034561,0.023328,0.265143,0.14913,0.066843,0.022986,0.062024,0.017644,0.02717,0.003702,0.146851,0.005992,0.033451,0.014954
17.32619,0.017331,0.102148,0.013578,0.031249,0.02461,0.29239,0.13975,0.058031,0.022464,0.052798,0.0171,0.028602,0.003393,0.143053,0.005697,0.030816,0.016991
17.066997,0.016854,0.10188,0.012199,0.022959,0.021198,0.293205,0.14206,0.048,0.021017,0.070878,0.012144,0.027711,0.003777,0.151029,0.00547,0.026822,0.022798
19.960092,0.013423,0.094324,0.007014,0.017373,0.009755,0.205135,0.187641,0.042164,0.021888,0.111174,0.010964,0.041116,0.004233,0.178249,0.005401,0.033376,0.016769
18.532858,0.018359,0.104914,0.008572,0.0266,0.018451,0.255045,0.152358,0.045914,0.020058,0.062674,0.014058,0.039056,0.004149,0.171611,0.00575,0.03324,0.01919
19.214246,0.011676,0.095955,0.010452,0.030746,0.02426,0.258626,0.161934,0.047182,0.020881,0.056827,0.016551,0.034722,0.003599,0.162321,0.006892,0.049017,0.008359
19.203075,0.00977,0.09876,0.01131,0.034684,0.023671,0.239428,0.1602,0.06311,0.026228,0.055721,0.016639,0.039239,0.003169,0.165974,0.007079,0.038028,0.00699
18.562836,0.011769,0.106346,0.011086,0.023048,0.016925,0.267412,0.160215,0.041842,0.020612,0.072818,0.011988,0.036415,0.002823,0.171314,0.004718,0.030473,0.010196
18.971847,0.016401,0.092234,0.008851,0.028046,0.015602,0.246486,0.168284,0.043466,0.022492,0.076909,0.012444,0.037617,0.005215,0.174696,0.005988,0.032359,0.012912
17.37195,0.013965,0.110235,0.012021,0.031583,0.021471,0.298372,0.135602,0.055126,0.022206,0.053244,0.016753,0.022718,0.003037,0.153158,0.005639,0.024174,0.020697
17.86198,0.01091,0.113178,0.015988,0.039261,0.024565,0.288699,0.141452,0.055232,0.018773,0.045513,0.014979,0.026908,0.003251,0.149665,0.005135,0.034558,0.011933
17.520104,0.018895,0.096582,0.013175,0.030376,0.024783,0.280426,0.151194,0.046057,0.020388,0.050608,0.015392,0.038248,0.004178,0.145961,0.005914,0.037774,0.020048
18.970998,0.014236,0.105602,0.010333,0.02808,0.017839,0.259151,0.161012,0.047872,0.021016,0.058277,0.01349,0.034002,0.004384,0.173053,0.006344,0.030629,0.014681
18.841331,0.014437,0.098218,0.011886,0.028854,0.02153,0.246524,0.156503,0.054194,0.021158,0.058785,0.015402,0.036746,0.003716,0.174556,0.006281,0.035592,0.015618
15.964976,0.017843,0.121506,0.014408,0.031213,0.024296,0.323112,0.130233,0.054239,0.020201,0.049819,0.015394,0.018444,0.003115,0.130585,0.006443,0.019775,0.019374
17.405266,0.020658,0.107802,0.011878,0.027905,0.022788,0.273992,0.151426,0.046073,0.019729,0.063566,0.013562,0.030825,0.003592,0.145051,0.005281,0.031317,0.024556
18.746769,0.015023,0.096776,0.012824,0.033206,0.023696,0.268016,0.150577,0.062151,0.02442,0.056162,0.020708,0.024115,0.003044,0.157747,0.005576,0.027249,0.01871
17.705482,0.014896,0.103049,0.009892,0.024707,0.018933,0.287279,0.149008,0.048265,0.020495,0.072269,0.012293,0.027649,0.002657,0.156054,0.005369,0.027696,0.019487
18.340348,0.011946,0.11274,0.010002,0.02739,0.021302,0.283339,0.147004,0.051089,0.020344,0.062228,0.014708,0.023792,0.002179,0.164719,0.005929,0.022974,0.018316
15.517981,0.024259,0.11324,0.012848,0.024156,0.023962,0.313432,0.123894,0.050013,0.024311,0.057457,0.013998,0.023771,0.002312,0.135563,0.004841,0.023968,0.027974
15.648886,0.018445,0.112476,0.01044,0.030146,0.024386,0.334744,0.124316,0.049569,0.020206,0.047505,0.014225,0.019994,0.002902,0.13469,0.005055,0.023957,0.026946
15.584408,0.012103,0.108771,0.012152,0.041495,0.029122,0.338206,0.118837,0.043132,0.019049,0.044215,0.011961,0.017757,0.001858,0.140218,0.007107,0.026833,0.027184
18.439988,0.01093,0.10176,0.010169,0.023794,0.015472,0.25754,0.169904,0.037332,0.015667,0.073403,0.011408,0.044242,0.005824,0.171013,0.005454,0.035811,0.010278
19.616309,0.010235,0.111694,0.009352,0.023695,0.016474,0.254005,0.169628,0.042067,0.02174,0.074606,0.012974,0.031192,0.003103,0.176727,0.005377,0.029878,0.007254
15.759499,0.006467,0.110987,0.013398,0.034513,0.028587,0.391638,0.113645,0.04139,0.016829,0.038902,0.012632,0.016943,0.002385,0.125957,0.006691,0.02296,0.016074
19.256138,0.011684,0.105469,0.010667,0.02545,0.018078,0.258863,0.161713,0.039333,0.018179,0.065972,0.011402,0.037384,0.005322,0.179877,0.006613,0.034919,0.009078
17.711507,0.01232,0.109327,0.012273,0.038409,0.024021,0.293104,0.142135,0.048308,0.018778,0.046704,0.014277,0.031101,0.003519,0.147765,0.005671,0.037943,0.014346
17.295126,0.018163,0.104646,0.013899,0.031343,0.024057,0.281157,0.13992,0.056416,0.022207,0.053343,0.016733,0.031968,0.003689,0.147323,0.005851,0.033743,0.015544
18.502367,0.013754,0.099795,0.011818,0.034839,0.026016,0.275137,0.141847,0.054621,0.019427,0.057273,0.018836,0.027234,0.00315,0.164837,0.006248,0.028816,0.016353
17.940815,0.006819,0.11764,0.014379,0.032832,0.02473,0.299129,0.150413,0.038927,0.01816,0.046216,0.012783,0.022686,0.002644,0.152942,0.006401,0.037393,0.015903
18.461888,0.012872,0.098212,0.011536,0.032809,0.02272,0.268827,0.145501,0.065734,0.025701,0.056553,0.02179,0.026105,0.002956,0.156861,0.005428,0.027116,0.019278
19.929955,0.009347,0.103342,0.010268,0.031911,0.020479,0.234199,0.158945,0.043372,0.018309,0.068698,0.014485,0.035584,0.004124,0.191758,0.006811,0.040685,0.007684
16.645108,0.0267,0.107121,0.01111,0.022384,0.018804,0.286395,0.135737,0.044913,0.023138,0.066326,0.01228,0.032026,0.003971,0.157377,0.004382,0.026732,0.020602
18.840824,0.008274,0.100712,0.011551,0.035822,0.023018,0.26693,0.150288,0.059754,0.026831,0.049809,0.016537,0.032937,0.00297,0.161638,0.0067,0.036758,0.00947
17.385227,0.012238,0.106583,0.012262,0.032888,0.024612,0.287968,0.145566,0.050657,0.023481,0.047152,0.015867,0.03202,0.003475,0.139591,0.005826,0.042783,0.01703
17.383353,0.015322,0.10201,0.010926,0.033686,0.026783,0.288653,0.143683,0.050607,0.022068,0.048556,0.016544,0.030607,0.00349,0.142715,0.006561,0.039219,0.018569
17.196812,0.01685,0.114727,0.011657,0.02681,0.022144,0.29608,0.139688,0.046054,0.020298,0.05627,0.013089,0.024967,0.002346,0.15334,0.005672,0.028695,0.021313
19.800556,0.013389,0.091973,0.007067,0.016777,0.011071,0.249352,0.177527,0.037023,0.017863,0.101212,0.012968,0.038514,0.003177,0.175079,0.004279,0.027475,0.015253
21.420835,0.023747,0.086161,0.005975,0.017711,0.010766,0.194674,0.189003,0.037182,0.014466,0.111606,0.010706,0.030752,0.003033,0.219604,0.004246,0.028357,0.01201
20.849418,0.007849,0.127933,0.013004,0.047646,0.015085,0.236648,0.161444,0.021767,0.009386,0.042592,0.010443,0.037374,0.002152,0.211842,0.005014,0.045736,0.004087
17.579308,0.010453,0.101484,0.008754,0.029284,0.023488,0.29975,0.151023,0.056557,0.017113,0.062215,0.011693,0.027778,0.003656,0.143096,0.004823,0.026675,0.022156
19.432577,0.007967,0.111717,0.012039,0.035876,0.017819,0.285531,0.155106,0.045289,0.019193,0.049485,0.017163,0.027903,0.003172,0.16361,0.005711,0.034663,0.007754
16.902931,0.012901,0.111456,0.012679,0.03222,0.028662,0.296635,0.135511,0.054388,0.020398,0.048482,0.015353,0.023557,0.002075,0.150476,0.005992,0.029519,0.019696
16.814224,0.020008,0.108974,0.012388,0.021613,0.019052,0.298696,0.143854,0.047139,0.020125,0.064476,0.013595,0.02346,0.003486,0.150569,0.00494,0.020874,0.026752
16.988197,0.017231,0.112645,0.010455,0.030383,0.025565,0.309781,0.136348,0.047064,0.018943,0.058842,0.011816,0.01777,0.002355,0.151521,0.00471,0.021068,0.023503
17.605221,0.013784,0.112519,0.010985,0.02936,0.021815,0.309491,0.138704,0.044103,0.019953,0.058453,0.016842,0.021074,0.00233,0.150979,0.006325,0.023925,0.019357
14.745993,0.011893,0.118816,0.013762,0.033583,0.030405,0.356215,0.114025,0.046004,0.019338,0.042387,0.013023,0.016534,0.003412,0.121264,0.005723,0.024295,0.029321
16.615658,0.015202,0.115243,0.008602,0.026449,0.021242,0.303123,0.138567,0.048295,0.023863,0.057104,0.013568,0.027858,0.002432,0.14539,0.005861,0.031661,0.015541
21.114327,0.009896,0.090457,0.00652,0.015663,0.014,0.243917,0.182807,0.036632,0.016343,0.108171,0.010964,0.027416,0.002028,0.196649,0.005877,0.021807,0.010855
20.881743,0.007634,0.116617,0.011451,0.021113,0.014844,0.216137,0.185416,0.027064,0.013903,0.068494,0.009847,0.046162,0.008098,0.191221,0.005487,0.049038,0.007475
17.783451,0.010869,0.108715,0.012222,0.028384,0.022884,0.303737,0.141229,0.052995,0.020618,0.055733,0.016119,0.020437,0.00376,0.155057,0.007638,0.023074,0.01653
19.831809,0.015533,0.085443,0.00677,0.018758,0.01813,0.222239,0.180881,0.041322,0.015972,0.099411,0.01066,0.045472,0.005703,0.186241,0.00466,0.028789,0.014015
20.985673,0.008318,0.098294,0.009723,0.024644,0.017731,0.244279,0.183681,0.038544,0.015934,0.068058,0.010252,0.03651,0.002946,0.182961,0.008035,0.042648,0.007442
17.038956,0.019759,0.111771,0.013044,0.025918,0.020672,0.310223,0.146727,0.043629,0.020785,0.056585,0.015337,0.017759,0.002553,0.14443,0.005323,0.01956,0.025924
19.386066,0.009329,0.108657,0.012858,0.033039,0.018482,0.244621,0.156172,0.046125,0.020447,0.052686,0.013802,0.039108,0.004253,0.185103,0.005504,0.041802,0.008013
17.97013,0.019542,0.111941,0.010599,0.027783,0.017335,0.253149,0.155557,0.04339,0.019852,0.061777,0.013644,0.03751,0.003278,0.162383,0.005277,0.036102,0.020884
16.72987,0.012867,0.105732,0.01023,0.030982,0.028899,0.296833,0.130317,0.055926,0.023519,0.064162,0.015349,0.023853,0.003565,0.144103,0.006161,0.026018,0.021485
20.649466,0.008599,0.085518,0.005561,0.019328,0.014133,0.250329,0.170548,0.035319,0.017945,0.101401,0.01256,0.025608,0.002794,0.203318,0.006443,0.02653,0.014065
17.523955,0.016194,0.103637,0.011947,0.035275,0.026659,0.279606,0.142804,0.052566,0.021957,0.046327,0.015939,0.034439,0.003768,0.145408,0.006778,0.039554,0.017143
16.131796,0.016707,0.115767,0.010495,0.027195,0.022996,0.294107,0.1355,0.045588,0.022204,0.058447,0.013147,0.035571,0.003635,0.139132,0.005307,0.0305,0.023702
15.359476,0.013038,0.136985,0.015545,0.028709,0.025768,0.341847,0.123153,0.040259,0.019518,0.043314,0.011696,0.017707,0.002528,0.13036,0.005309,0.023757,0.020506
18.554184,0.009376,0.097396,0.011498,0.036206,0.026972,0.265256,0.14897,0.059195,0.023227,0.050602,0.019151,0.035233,0.004525,0.152986,0.007183,0.039669,0.012552
17.751582,0.015481,0.099775,0.012726,0.032272,0.022238,0.270219,0.135916,0.062214,0.025249,0.05469,0.016437,0.0346,0.00502,0.159822,0.006297,0.035899,0.011144
16.157265,0.022077,0.103996,0.011932,0.026203,0.021231,0.294322,0.136322,0.048047,0.021982,0.062395,0.011832,0.025999,0.002947,0.144869,0.004887,0.023898,0.037061
